Contour 0:
m02 = 11865944.000000
m03 = 1686295958.000000
m11 = 25858600.083333
m12 = 3481522214.216667
m20 = 61488107.166667
m21 = 7729365577.250000
m30 = 18698162050.650002


