Contour 0:
nu02 = 1.550900
nu03 = -0.374326
nu11 = -0.196233
nu12 = -0.022944
nu20 = 1.889832
nu21 = 0.179000
nu30 = -0.477384


